201 0.072576
201 0.069563
201 0.036117
201 0.045612
201 0.036621
201 0.054566
201 0.021422
201 0.054366
201 0.031518
201 0.112968
201 0.033690
201 0.058195
201 0.034768
201 0.118662
201 0.018187
201 0.052096
201 0.099512
201 0.033555
201 0.079501
201 0.053253
201 0.052832
201 0.087972
201 0.051095
201 0.085586
201 0.062274
201 0.036068
201 0.075836
201 0.017366
201 0.038491
201 0.036460
201 0.077426
201 0.034771
201 0.035331
201 0.033566
201 0.049023
201 0.079541
201 0.052084
201 0.050154
201 0.035474
201 0.073214
201 0.040115
201 0.037686
201 0.015578
201 0.060803
201 0.036880
201 0.034869
201 0.023322
201 0.043085
201 0.071915
201 0.031515